65213
14566
2171
98969
53064
39189
130417
1899
128035
123172
39839
76302
14221
16582
37539
123624
14419
41622
26810
20957
36014
109947
106638
32814
94166
4919
92650
58777
60875
119854
12410
40010
98591
7072
91500
9108
108276
1753
26645
14029
22866
28365
107462
86801
87058
115649
39356
79353
131252
18660
22145
103195
23635
124234
93512
57671
57414
14206
56616
58534
120872
83556
11978
107152
576
61681
121379
36921
12110
105704
43936
70981
129294
11753
33264
87951
114404
98370
15034
112904
121494
42575
16198
22050
82280
83040
127258
62815
65102
90304
125540
6307
40437
125888
8052
7278
45140
14289
108559
31138
