1024
75424
58224
22855
27564
33161
54002
107801
30459
94412
15908
107529
18215
15130
27181
107661
31847
16020
117353
8832
1294
1287
57054
105627
43105
5522
65969
55024
1869
8384
2621
71981
62132
94898
42108
2395
67439
6655
24501
43266
872
18919
122047
44232
63647
4098
12063
34497
30004
42532
30190
102735
27397
1450
50680
2294
53892
57414
79482
7973
41915
56143
79045
1676
7796
94958
72307
37770
112424
1244
30193
109706
123620
39921
18559
1533
33489
63961
49341
57096
65501
27221
11249
13539
15532
22137
18000
1953
2606
114302
1653
108710
18929
11519
51632
21658
66530
70767
6759
3928
