253
104009
63746
72086
98610
20421
25859
46625
59
52019
2892
14884
57290
86994
5192
116861
17170
53349
65119
89704
32326
8373
49087
99917
103637
49068
72040
20901
18479
42793
88188
112551
95647
2874
55716
76080
74131
66467
45027
129571
4897
11136
11239
63028
30528
38117
57777
43830
48188
62923
43213
68612
106921
22252
6380
68534
101003
45510
111790
22357
21661
8073
67506
12196
14726
39539
27365
69829
17414
111255
131265
36737
75055
67076
64138
45039
63780
54065
66941
82085
47385
86395
55359
51867
91703
122967
20964
121284
16754
56743
17499
71300
66253
16809
70154
8694
63417
53158
11440
52362
