82155
47809
38691
20623
72426
21163
30938
130086
112090
56944
15967
12881
10210
21360
39759
52653
41557
125579
99067
22070
86782
9976
3324
43742
23647
63458
3762
67363
34327
25760
128277
40950
13827
131214
69233
29864
52879
47417
37472
5560
43288
125386
143
76100
16296
99493
68668
102487
102567
66472
13621
65327
88574
13331
74365
56281
80617
3932
14613
23597
39786
112
14568
51273
62917
21912
5353
92342
76357
119981
62094
10976
88712
26202
42616
81773
8526
67100
88301
115358
5134
61124
58542
76689
81700
25568
97756
61165
10282
42003
16635
92218
62670
34988
16925
2317
37338
6531
75144
65366
