109602
105856
108241
62085
38847
54842
4853
24015
87549
60316
32937
14658
94045
85020
25525
94022
7904
35543
17612
61294
111647
69383
131626
58292
49497
56126
44833
69409
58027
111648
63914
17556
89690
45881
56821
41861
76564
92424
15846
8658
9555
39526
27037
116330
68390
47985
60383
40137
67474
73325
26206
30894
85191
1901
50887
87712
52409
13026
38401
91614
20743
59427
115269
75865
24171
34974
12094
125310
77703
41231
50762
81348
21606
52015
622
74573
95643
126927
124854
46786
7037
114348
120029
112341
34666
58501
20086
300
25636
94279
54685
131682
35686
1257
56351
127321
50052
67207
32701
126465
