55235
75587
38415
71239
62221
75737
70004
63599
19359
61940
70918
66959
34783
63572
73060
31679
69168
27053
76692
66805
27935
73683
74037
59619
74120
74486
62599
56825
71940
61628
65395
67591
52805
62196
65635
64572
27097
75761
64926
69009
61895
70977
66041
52911
76787
28786
72975
74641
71825
73073
74019
57739
68653
76465
74331
74501
72111
60951
54202
67364
60125
76325
75374
74244
75493
69598
40183
70042
60433
76174
63945
51779
76557
59066
74902
68146
53041
74693
63293
60962
63287
72890
64339
32451
71646
62813
75546
49168
75358
67911
58928
76264
76966
63973
65548
61731
72305
32044
50904
68392
