30773
30323
4549
23042
26594
4104
7540
7864
12350
9935
61794
255
68800
2966
63469
40508
68119
18724
15623
28536
35046
21323
54338
11392
18622
32398
28777
24131
28610
2687
22783
20614
3816
14577
13529
41927
4243
2191
1340
54903
10751
56293
23109
13531
783
42368
9603
14554
14210
307
34491
28301
20313
12755
9033
2032
12582
8209
10435
4285
3516
9499
65087
3414
43966
21821
3105
45140
14137
4594
11897
6780
346
42993
7145
6296
1711
1665
4700
22340
8680
6586
57478
10432
17551
1036
19469
8730
772
15987
7754
9684
5423
19954
20187
4264
2583
26543
8321
24645
