12114
18132
23853
25927
51545
23975
17176
43224
36533
39245
30935
66733
48047
21785
54125
3152
12251
17644
40471
47754
13183
6977
73245
42361
52480
67311
71241
21256
62461
8031
57515
17722
23421
18208
21386
45759
28722
14271
31890
17092
28341
30385
18571
59748
36196
22415
33796
22463
50204
23572
24849
41877
27186
35275
12492
67655
16703
11741
33840
53081
54035
31029
15511
47872
54210
66475
28494
22431
6174
48776
14544
21044
22483
28337
9826
68665
4001
62498
56176
13417
6578
37168
8235
42582
28305
15631
46761
30149
16938
51780
11885
29595
13882
14742
19504
15812
65961
15375
10733
25668
