47767
27043
64061
57831
59352
29881
32477
48282
40223
55820
60185
68400
18439
6953
3342
5608
36941
3047
55954
37259
27329
51391
44360
54223
24738
20985
38451
47828
16410
48085
34969
67144
59142
35158
26378
34205
41881
56459
13057
38723
26933
12131
56964
42383
56658
16482
8108
35996
48582
47763
27492
42806
51436
41477
40909
18516
48421
20699
37126
54059
60545
3814
19380
7583
15339
11851
46612
17172
24508
66804
64151
55934
41998
22678
21374
12581
11473
67515
69306
62903
67632
15899
11209
45081
38217
51471
61586
16172
47426
37003
33827
66396
31964
4024
26860
20069
22708
32999
56070
27464
