47849
15492
47700
25803
32197
34798
30864
56043
58871
44945
48100
26178
57805
42956
31143
13284
53963
27342
73025
51216
56310
50132
51839
68539
18895
24027
24880
6332
44183
30860
10789
66716
45700
53547
41887
42319
17253
36391
46100
41335
41723
50583
34129
76041
55936
54842
38287
62823
67341
28814
64758
66371
56769
21448
49499
59721
50661
16967
24401
51292
11623
35358
33156
76257
43853
55575
48572
8283
48434
58168
42819
46336
52874
69889
24352
48161
70863
44064
54959
57174
20855
18066
48256
10510
8635
58984
75858
41081
16495
41547
2805
6918
12924
35941
73126
51090
29738
32972
74758
40634
