62 2 1
159 2 1
66 2 1
20 2 1
42 2 1
37 2 1
51 2 1
38 2 1
7603 2 1
9 2 1
22 2 1
40 2 1
177 2 1
31 2 1
47 2 1
17 2 1
4 2 1
8 2 1
272 2 1
39 2 1
24 2 1
19 2 1
7 2 1
30 2 1
85 2 1
133 2 1
75 2 1
90 2 1
190 2 1
211 2 1
173 2 1
43 2 1
58 2 1
5 2 1
93 2 1
145 2 1
77 2 1
166 2 1
25 2 1
83 2 1
70 2 1
67 2 1
65 2 1
21 2 1
2 14 1
2 13 1
2 95 1
2 3 1
92 3 1
5 3 1
103 3 1
43 3 1
6 3 1
26 3 1
34 3 1
142 3 1
32 3 1
177 3 1
172 3 1
93 3 1
42 3 1
36 3 1
30 3 1
21 3 1
124 3 1
90 3 1
24 3 1
13 3 1
88 3 1
136 3 1
49 3 1
190 3 1
125 3 1
173 3 1
7 3 1
58 3 1
19 3 1
154 3 1
12 3 1
10 3 1
27 3 1
8 3 1
11 3 1
62 3 1
33 3 -1
3 31 1
39 4 1
7603 4 1
40 4 1
31 4 1
37 4 1
25 4 1
9 4 1
17 4 1
77 4 1
65 4 1
159 4 1
177 4 1
95 4 1
22 4 1
21 4 1
11 4 1
47 4 1
67 4 1
38 4 1
10 4 1
4 145 1
4 26 1
11 5 1
42 5 1
13 5 1
19 5 1
31 5 1
43 5 1
49 5 1
58 5 1
32 5 1
6 5 1
24 5 1
103 5 1
12 5 1
36 5 1
29 5 1
85 5 1
33 5 1
88 5 1
125 5 1
92 5 1
26 5 1
118 5 1
47 5 1
154 5 1
22 5 1
30 5 1
8 5 1
27 5 1
136 5 1
93 5 1
36 6 1
31 6 1
177 6 1
92 6 1
32 6 1
11 6 1
12 6 1
49 6 1
90 6 1
25 6 1
29 6 1
8 6 1
33 6 1
95 6 1
27 6 1
190 6 1
7 6 1
124 6 1
24 6 1
47 6 1
85 6 1
30 6 1
6 43 1
30 7 1
36 7 1
142 7 1
95 7 1
31 7 1
11 7 1
25 7 1
124 7 1
8 7 1
190 7 1
58 7 1
173 7 1
26 7 1
27 7 1
172 7 1
47 7 1
51 7 1
191 7 1
13 7 1
21 7 1
24 7 1
85 7 1
19 7 1
70 7 1
40 7 1
62 7 1
154 7 1
42 7 1
83 7 1
43 7 1
65 7 1
7565 7 1
272 7 1
29 7 1
22 7 1
7602 7 -1
7601 7 -1
7599 7 -1
7598 7 -1
7604 7 -1
7 34 1
7 145 1
7 177 -1
36 8 1
30 8 1
25 8 1
62 8 1
26 8 1
43 8 1
19 8 1
13 8 1
32 8 1
51 8 1
10 8 1
95 8 1
29 8 1
136 8 1
21 8 1
154 8 1
142 8 1
33 8 1
166 8 1
85 8 1
7565 8 1
11 8 1
124 8 1
8 118 1
8 34 1
8 7603 -1
14 9 1
11 9 1
159 9 1
20 9 1
7603 9 1
40 9 1
22 9 1
145 9 1
24 9 1
67 9 1
47 9 1
211 9 1
17 9 1
65 9 1
75 9 1
38 9 1
70 9 1
66 9 1
21 9 1
133 9 1
77 9 1
39 9 1
42 9 1
272 9 1
33 9 1
83 9 1
51 9 1
37 9 1
15 9 1
19 9 1
177 9 1
31 9 1
32 9 1
154 9 1
26 9 -1
9 30 1
177 10 1
62 10 1
11 10 1
67 10 1
42 10 1
58 10 1
26 10 1
22 10 1
25 10 1
17 10 1
159 10 1
40 10 1
51 10 1
24 10 1
33 10 1
88 10 1
29 10 1
166 10 1
77 10 1
39 10 1
65 10 1
15 10 -1
10 145 1
34 11 1
21 11 1
30 11 1
211 11 1
14 11 1
17 11 1
7603 11 1
133 11 1
20 11 1
22 11 1
66 11 1
90 11 1
49 11 1
12 11 1
124 11 1
190 11 1
25 11 1
272 11 1
36 11 1
42 11 1
43 11 1
13 11 1
103 11 1
29 11 1
145 11 1
51 11 1
65 11 1
77 11 1
154 11 1
173 11 1
95 11 1
83 11 1
166 11 1
39 11 1
32 11 -1
24 11 -1
15 11 -1
19 11 -1
70 11 -1
58 11 -1
191 11 -1
125 11 -1
26 11 -1
11 177 -1
19 12 1
103 12 1
125 12 1
154 12 1
118 12 1
31 12 1
49 12 1
32 12 1
36 12 1
33 12 1
92 12 1
27 12 1
34 12 1
26 12 1
21 13 1
24 13 1
177 13 1
43 13 1
85 13 1
58 13 1
22 13 1
33 13 1
15 13 1
166 13 1
70 13 1
190 13 1
7565 13 -1
13 95 1
13 7603 -1
7603 14 1
159 14 1
20 14 1
22 14 1
24 14 1
38 14 1
47 14 1
77 14 1
42 14 1
17 14 1
211 14 1
31 14 1
67 14 1
40 14 1
51 14 1
65 14 1
37 14 1
15 14 -1
20 15 1
24 15 1
17 15 1
159 15 1
70 15 1
67 15 1
22 15 1
272 15 1
133 15 1
58 15 1
19 15 1
88 15 1
51 15 1
29 15 1
33 15 1
85 15 -1
145 15 -1
15 7603 -1
15 31 -1
159 17 1
7603 17 1
26 17 1
47 17 1
22 17 1
20 17 1
21 17 1
75 17 1
42 17 1
40 17 1
51 17 1
166 17 1
38 17 1
31 17 1
67 17 1
39 17 1
70 17 1
65 17 1
211 17 1
66 17 1
145 17 1
77 17 1
17 272 1
17 133 1
34 19 1
49 19 1
30 19 1
93 19 1
29 19 1
24 19 1
85 19 1
33 19 1
31 19 1
36 19 1
88 19 1
22 19 1
32 19 1
118 19 1
95 19 1
43 19 1
125 19 1
191 19 1
145 19 1
58 19 1
173 19 1
154 19 1
26 19 1
92 19 1
19 27 1
19 42 1
159 20 1
7603 20 1
22 20 1
37 20 1
47 20 1
31 20 1
211 20 1
38 20 1
133 20 1
66 20 1
272 20 1
65 20 1
26 20 1
30 20 1
70 20 1
20 145 1
20 83 1
25 21 1
85 21 1
30 21 1
62 21 1
51 21 1
33 21 1
77 21 1
22 21 1
90 21 1
83 21 1
211 21 1
173 21 1
47 21 1
70 21 1
145 21 1
40 21 1
39 21 1
42 21 1
47 22 1
159 22 1
24 22 1
31 22 1
7603 22 1
26 22 1
7565 22 1
90 22 1
40 22 1
42 22 1
39 22 1
145 22 1
38 22 1
70 22 1
51 22 1
67 22 1
75 22 1
22 37 1
22 272 1
22 66 1
22 133 1
22 29 1
22 33 1
22 43 1
22 166 1
34 24 1
26 24 1
88 24 1
47 24 1
7603 24 1
173 24 1
124 24 1
85 24 1
32 24 1
49 24 1
190 24 1
67 24 1
33 24 1
51 24 1
36 24 1
125 24 1
95 24 1
159 24 1
177 24 1
25 24 1
31 24 1
42 24 1
154 24 1
191 24 1
83 24 1
166 24 1
90 24 1
62 24 1
211 24 1
77 24 1
24 29 1
24 93 1
24 133 1
24 7565 -1
177 25 1
95 25 1
31 25 1
29 25 1
36 25 1
33 25 1
62 25 1
124 25 1
32 25 1
145 25 1
90 25 1
47 25 1
172 25 1
166 25 1
43 25 1
190 25 1
7565 25 1
142 25 1
25 26 1
177 26 1
32 26 1
93 26 1
47 26 1
85 26 1
67 26 1
7603 26 1
34 26 1
191 26 1
51 26 1
27 26 1
190 26 1
7565 26 1
133 26 1
125 26 1
58 26 1
95 26 1
173 26 1
172 26 1
88 26 1
62 26 1
83 26 1
166 26 1
38 26 1
211 26 1
66 26 1
70 26 1
145 26 1
75 26 1
39 26 1
142 26 1
33 26 1
26 29 1
26 49 1
26 272 1
125 27 1
36 27 1
34 27 1
58 27 1
103 27 1
29 27 1
47 27 1
88 27 1
118 27 1
172 27 1
92 27 1
142 27 1
177 27 1
30 27 1
125 29 1
34 29 1
124 29 1
43 29 1
177 29 1
32 29 1
85 29 1
95 29 1
58 29 1
88 29 1
173 29 1
33 29 1
154 29 1
136 29 1
142 29 1
124 30 1
172 30 1
42 30 1
58 30 1
173 30 1
103 30 1
36 30 1
136 30 1
177 30 1
43 30 1
33 30 1
90 30 1
145 30 1
30 95 1
30 47 1
30 31 1
30 32 1
30 142 -1
30 7603 -1
92 31 1
37 31 1
36 31 1
47 31 1
85 31 1
154 31 1
95 31 1
42 31 1
58 31 1
49 31 1
136 31 1
166 31 1
177 31 1
31 65 1
43 32 1
124 32 1
177 32 1
36 32 1
90 32 1
58 32 1
88 32 1
34 32 1
173 32 1
49 32 1
118 32 1
191 32 1
154 32 1
95 32 1
190 32 1
136 32 1
103 32 1
177 33 1
95 33 1
43 33 1
136 33 1
58 33 1
34 33 1
88 33 1
154 33 1
42 33 1
33 7565 1
33 125 1
36 34 1
43 34 1
92 34 1
58 34 1
136 34 1
85 34 1
88 34 1
154 34 1
125 34 1
118 34 1
118 36 1
49 36 1
177 36 1
85 36 1
58 36 1
42 36 1
47 36 1
172 36 1
103 36 1
136 36 1
83 36 1
36 124 1
159 37 1
38 37 1
37 66 1
37 65 1
47 38 1
159 38 1
65 38 1
38 272 1
38 211 1
38 66 1
7603 39 1
77 39 1
51 39 1
272 39 1
70 39 1
75 39 1
177 40 1
47 40 1
77 40 1
65 40 1
51 40 1
7603 40 1
7603 42 1
58 42 1
173 42 1
95 42 1
177 42 1
85 42 1
136 42 1
62 42 1
43 42 1
83 42 1
51 42 1
90 42 1
145 42 1
159 42 1
177 43 1
142 43 1
173 43 1
154 43 1
95 43 1
49 43 1
172 43 1
58 43 1
125 43 1
118 43 1
88 43 1
85 43 1
190 43 1
90 43 1
43 145 1
43 7602 -1
43 7601 -1
43 7598 -1
43 7599 -1
43 7604 -1
7603 47 1
159 47 1
66 47 1
211 47 1
272 47 1
95 47 1
58 47 1
77 47 1
51 47 1
47 83 1
177 49 1
125 49 1
190 49 1
7603 51 1
67 51 1
65 51 1
133 51 1
173 51 1
177 51 1
62 51 1
83 51 1
75 51 1
211 51 1
145 51 1
7565 51 1
92 58 1
191 58 1
118 58 1
85 58 1
103 58 1
154 58 1
173 58 1
93 58 1
58 125 1
58 145 1
58 83 1
58 88 1
58 95 1
124 62 1
85 62 1
177 62 1
7565 62 1
95 62 1
145 62 1
159 65 1
272 65 1
70 65 1
77 65 1
145 65 1
65 66 1
159 66 1
70 66 1
83 66 1
133 66 1
159 67 1
70 67 1
211 67 1
133 70 1
75 70 1
211 70 1
70 7603 -1
133 75 1
177 77 1
177 83 1
133 83 1
103 85 1
191 85 1
125 85 1
88 85 1
118 85 1
173 85 1
93 85 1
177 85 1
166 85 1
85 95 1
85 92 1
85 7602 -1
85 7601 -1
85 7599 -1
85 7598 -1
85 7604 -1
125 88 1
173 88 1
88 92 1
88 177 -1
145 90 1
177 90 -1
93 92 1
95 92 1
103 92 1
177 92 1
95 93 1
125 93 1
173 93 1
93 177 -1
191 95 1
136 95 1
177 95 1
172 95 1
145 95 -1
7604 95 -1
7598 95 -1
7601 95 -1
7602 95 -1
95 154 1
95 103 -1
95 124 -1
95 7599 -1
177 103 1
125 103 1
118 103 1
125 118 1
177 124 1
172 124 1
173 125 1
191 125 1
272 133 1
154 136 1
172 142 1
177 142 1
159 145 1
272 145 1
177 154 1
7603 159 1
159 272 1
177 166 1
7565 166 -1
166 7603 -1
177 172 1
173 191 1
190 177 1
7604 177 -1
7598 177 -1
7599 177 -1
7601 177 -1
7602 177 -1
7565 177 -1
272 211 1
7603 272 1
7602 7598 1
7601 7598 1
7599 7598 1
7604 7598 1
7602 7599 1
7601 7599 1
7604 7599 1
7602 7601 1
7604 7601 1
7604 7602 1
