95 43 1
43 7602 -1
43 7601 -1
43 7598 -1
43 7599 -1
43 7604 -1
43 7600 -1
68 7602 -1
68 7601 -1
68 7599 -1
68 7598 -1
68 7600 -1
68 7604 -1
179 95 1
7604 95 -1
7598 95 -1
7601 95 -1
7602 95 -1
95 188 1
95 7599 -1
95 7600 -1
1691 179 1
179 7602 -1
179 7601 -1
179 7599 -1
179 7598 -1
179 7604 -1
179 7600 -1
7604 188 -1
7598 188 -1
7599 188 -1
7601 188 -1
7602 188 -1
188 7600 -1
7599 1691 -1
7601 1691 -1
7602 1691 -1
1691 7604 -1
1691 7600 -1
7602 7598 1
7601 7598 1
7599 7598 1
7604 7598 1
7598 7600 1
7602 7599 1
7601 7599 1
7604 7599 1
7599 7600 1
7602 7600 1
7601 7600 1
7604 7600 1
7602 7601 1
7604 7601 1
7604 7602 1
