3666 3138 1
3666 4716 1
3666 10569 1
3666 13797 1
3666 18539 1
3666 18950 1
3666 22346 1
3666 28661 1
3666 31706 1
3666 35580 1
3666 40177 1
3666 41950 1
3666 42710 1
3666 42721 1
3666 54018 1
3666 57630 1
3666 57881 1
3666 61317 1
3666 63261 1
3666 63262 1
3666 63263 1
3666 64672 1
3666 66731 1
3666 67385 1
3666 68871 1
4716 31706 1
4716 35580 1
4716 66514 1
10569 4716 1
10569 13797 1
10569 18539 1
10569 18950 1
10569 28661 1
10569 31706 1
10569 42710 1
10569 42721 1
10569 57630 1
10569 61317 1
10569 63261 1
10569 63263 1
10569 64672 1
10569 66514 1
10569 66731 1
10569 67385 1
13797 4716 1
13797 18539 1
13797 18950 1
13797 22346 1
13797 28661 1
13797 31706 1
13797 35580 1
13797 41950 1
13797 42710 1
13797 42721 1
13797 54018 1
13797 57630 1
13797 57881 1
13797 61317 1
13797 63261 1
13797 63263 1
13797 66514 1
13797 66731 1
13797 67385 1
18539 3138 1
18539 4716 1
18539 18950 1
18539 22346 1
18539 31706 1
18539 35580 1
18539 42710 1
18539 42721 1
18539 54018 1
18539 57881 1
18539 63261 1
18539 66514 1
18539 66731 1
18539 67385 1
18950 3138 1
18950 22346 1
18950 31706 1
18950 35580 1
18950 42710 1
18950 54018 1
18950 63261 1
18950 66731 1
18950 67385 1
22346 4716 1
22346 35580 1
22346 41950 1
22346 42710 1
22346 42721 1
22346 57630 1
22346 57881 1
22346 61317 1
22346 63261 1
22346 63262 1
22346 63263 1
22346 66514 1
22346 66731 1
22346 67385 1
28661 4716 1
28661 18539 1
28661 18950 1
28661 22346 1
28661 31706 1
28661 35580 1
28661 40177 1
28661 41950 1
28661 42710 1
28661 42721 1
28661 54018 1
28661 57630 1
28661 57881 1
28661 61317 1
28661 63261 1
28661 63262 1
28661 63263 1
28661 64672 1
28661 66514 1
28661 66731 1
28661 67385 1
28661 68871 1
31706 42710 1
31706 63262 1
31706 66731 1
35580 31706 1
35580 54018 1
35580 63261 1
40177 18539 1
40177 18950 1
40177 66731 1
41950 4716 1
41950 18539 1
41950 31706 1
41950 42710 1
41950 54018 1
41950 57881 1
41950 61317 1
41950 63261 1
41950 63263 1
41950 66731 1
41950 67385 1
41950 68871 1
42710 4716 1
42710 35580 1
42710 42721 1
42710 54018 1
42710 57630 1
42710 57881 1
42710 61317 1
42710 63261 1
42710 63262 1
42710 63263 1
42710 64672 1
42710 66514 1
42710 66731 1
42710 67385 1
42710 68871 1
42721 4716 1
42721 57630 1
42721 57881 1
42721 61317 1
42721 63261 1
42721 63263 1
42721 66514 1
42721 67385 1
54018 4716 1
54018 63261 1
54018 67385 1
57630 4716 1
57630 18539 1
57630 31706 1
57630 40177 1
57630 41950 1
57630 61317 1
57630 63261 1
57630 63262 1
57630 63263 1
57630 64672 1
57630 66514 1
57630 67385 1
57881 61317 1
57881 63261 1
61317 4716 1
61317 18539 1
61317 31706 1
61317 35580 1
61317 54018 1
61317 63261 1
61317 66731 1
61317 67385 1
61317 68871 1
63261 3138 1
63261 4716 1
63261 31706 1
63261 63262 1
63261 63263 1
63261 64672 1
63261 66514 1
63261 66731 1
63261 67385 1
63261 68871 1
63262 18539 1
63262 18950 1
63262 63263 1
63262 66514 1
63262 67385 1
63263 4716 1
63263 18539 1
63263 18950 1
63263 31706 1
63263 35580 1
63263 40177 1
63263 54018 1
63263 57881 1
63263 61317 1
63263 64672 1
63263 66514 1
63263 66731 1
63263 67385 1
63263 68871 1
64672 13797 1
64672 18539 1
64672 18950 1
64672 22346 1
64672 31706 1
64672 35580 1
64672 40177 1
64672 41950 1
64672 42721 1
64672 54018 1
64672 57881 1
64672 66731 1
64672 67385 1
64672 68871 1
66514 3138 1
66514 3666 1
66514 18950 1
66514 31706 1
66514 35580 1
66514 41950 1
66514 54018 1
66514 57881 1
66514 66731 1
66514 67385 1
66514 68871 1
66731 4716 1
66731 42721 1
66731 54018 1
66731 57630 1
66731 57881 1
66731 67385 1
66731 68871 1
67385 4716 1
67385 31706 1
67385 35580 1
67385 57881 1
67385 68871 1
68871 4716 1
68871 18539 1
68871 18950 1
68871 31706 1
68871 35580 1
