168 312 1
168 354 1
168 454 1
168 692 1
168 852 1
168 905 1
168 1003 1
168 1289 1
168 1314 1
168 1445 1
168 1488 1
168 1489 1
168 1498 1
168 1683 1
168 1691 1
168 1971 1
168 2272 1
168 2287 1
168 2580 1
168 3205 1
168 3344 1
168 3880 1
168 4705 1
168 6056 1
168 7600 1
168 10429 1
312 454 1
312 852 1
312 905 1
312 1003 1
312 1314 1
312 1488 1
312 1498 1
312 1653 1
312 1683 1
312 1971 1
312 2580 1
312 3344 1
354 312 1
354 365 1
354 454 1
354 692 1
354 852 1
354 905 1
354 1003 1
354 1289 1
354 1314 1
354 1445 1
354 1489 1
354 1498 1
354 1683 1
354 1691 1
354 2272 1
354 2287 1
354 2580 1
354 3205 1
354 3880 1
354 7600 1
354 10429 1
365 312 1
365 454 1
365 692 1
365 852 1
365 1683 1
365 2272 1
365 2487 1
365 2580 1
365 3880 1
454 692 1
454 852 1
454 1289 1
454 1445 1
454 1691 1
454 2272 1
454 2487 1
454 2580 1
454 3205 1
454 3344 1
454 3880 1
692 312 1
692 852 1
692 905 1
692 1003 1
692 1498 1
692 1683 1
692 1691 1
692 2287 1
692 2580 1
692 3205 1
692 3880 1
852 905 1
852 1003 1
852 1289 1
852 1445 1
852 1488 1
852 1489 1
852 1691 1
852 1971 1
852 2272 1
852 2487 1
852 2580 1
852 3205 1
852 3344 1
852 3880 1
852 4705 1
852 7600 1
852 10429 -1
905 454 1
905 1003 1
905 1289 1
905 1445 1
905 1489 1
905 1498 1
905 1653 1
905 2580 1
905 3344 1
905 7600 1
905 10429 1
1003 1498 1
1289 1003 1
1289 1314 1
1289 1489 1
1289 1498 1
1289 1653 1
1289 1683 1
1289 1971 1
1289 2287 1
1289 2487 1
1289 2580 1
1289 3344 1
1289 6056 1
1289 10429 1
1314 1489 1
1314 1653 1
1314 2272 1
1314 2287 1
1314 2487 1
1314 6056 1
1445 1289 1
1445 1488 1
1445 1489 1
1445 1691 1
1445 2272 1
1445 3344 1
1488 454 1
1488 905 1
1488 1289 1
1488 1653 1
1488 1971 1
1488 2287 1
1488 3344 1
1489 1653 -1
1489 1683 -1
1489 2287 1
1489 3344 1
1489 6056 1
1498 454 1
1498 1488 1
1498 1653 1
1498 2580 1
1498 3344 1
1653 454 -1
1653 852 -1
1653 1683 -1
1653 1971 1
1653 2287 1
1653 2487 1
1653 2580 1
1653 3205 -1
1653 3344 1
1653 3880 -1
1653 7600 -1
1653 10429 1
1683 905 -1
1683 1003 -1
1683 1314 -1
1683 1445 -1
1683 1488 -1
1683 2580 1
1683 3344 1
1683 6056 1
1683 10429 -1
1691 365 1
1691 1289 1
1691 1683 1
1691 2287 1
1691 2487 1
1691 3205 1
1691 3344 1
1691 3880 1
1691 6056 1
1971 692 1
1971 1314 1
1971 1489 1
1971 1498 1
1971 2272 1
1971 2287 1
1971 2487 1
1971 2580 1
1971 3344 1
1971 3880 1
1971 4705 1
1971 6056 1
1971 7600 1
2272 692 1
2272 1289 1
2272 2287 1
2272 2487 1
2272 2580 1
2272 3344 1
2272 3880 1
2272 7600 1
2287 454 1
2287 1683 -1
2287 3344 1
2287 6056 1
2287 10429 -1
2487 312 1
2487 1498 1
2487 1683 1
2487 2580 1
2487 3344 1
2487 3880 1
2487 4705 1
2487 7600 1
2580 1003 1
2580 3344 1
3205 905 1
3205 1289 1
3205 1314 1
3205 1489 1
3205 3344 1
3205 6056 1
3344 692 1
3344 3880 1
3344 6056 1
3344 7600 1
3880 312 1
3880 1683 1
3880 4705 1
3880 7600 1
4705 312 1
4705 454 1
4705 692 1
4705 1314 1
4705 1445 1
4705 1488 1
4705 1489 1
4705 2272 1
4705 3205 1
4705 3344 1
4705 7600 1
6056 852 -1
7600 312 1
7600 365 1
7600 454 1
7600 692 1
7600 1003 1
7600 1289 1
7600 1314 1
7600 1445 1
7600 1488 1
7600 1489 1
7600 1498 1
7600 1683 1
7600 1691 1
7600 2287 1
7600 2580 1
7600 3205 1
7600 6056 1
7600 10429 1
10429 1489 -1
10429 1691 -1
10429 3344 -1
10429 6056 1
