9 2 1
40 2 1
10 2 1
177 2 1
47 2 1
17 2 1
4 2 1
39 2 1
11 2 1
140 2 1
777 2 1
44 2 1
89 2 1
77 2 1
161 2 1
65 2 1
21 2 1
2 14 1
2 268 1
39 4 1
40 4 1
131 4 1
9 4 1
777 4 1
17 4 1
77 4 1
65 4 1
231 4 1
72 4 1
21 4 1
11 4 1
47 4 1
664 4 1
265 4 1
140 4 1
10 4 1
14 9 1
40 9 1
24 9 1
47 9 1
17 9 1
65 9 1
21 9 1
77 9 1
39 9 1
33 9 1
545 9 1
177 9 1
132 9 1
161 10 1
11 10 1
44 10 1
17 10 1
40 10 1
265 10 1
24 10 1
33 10 1
89 10 1
77 10 1
777 10 1
48 10 1
39 10 1
664 10 1
65 10 1
140 10 1
21 11 1
14 11 1
17 11 1
408 11 1
78 11 1
65 11 1
77 11 1
155 11 1
39 11 1
72 11 1
777 11 1
131 11 1
11 47 1
11 177 -1
24 14 1
47 14 1
77 14 1
17 14 1
40 14 1
33 14 1
545 14 1
177 14 1
65 14 1
14 268 1
47 17 1
21 17 1
40 17 1
48 17 1
660 17 1
265 17 1
39 17 1
65 17 1
78 17 1
140 17 1
77 17 1
516 17 1
33 21 1
77 21 1
47 21 1
78 21 1
40 21 1
48 21 1
39 21 1
21 89 1
47 24 1
33 24 1
177 24 1
44 24 1
77 24 1
177 33 1
65 33 1
77 33 1
48 33 1
408 33 1
48 39 1
77 39 1
44 39 1
76 39 1
132 39 1
408 39 1
39 231 1
177 40 1
47 40 1
77 40 1
65 40 1
44 40 1
40 268 1
77 44 1
78 47 1
77 47 1
140 47 1
131 48 1
231 48 1
408 48 1
77 48 1
140 48 1
516 48 1
89 48 1
140 65 1
77 65 1
516 65 1
155 65 1
77 72 1
77 76 1
408 76 1
132 77 1
78 77 1
161 77 1
155 77 1
265 77 1
545 77 1
89 77 1
177 77 1
777 77 1
664 77 1
231 77 1
131 77 1
660 77 1
516 77 1
408 77 1
77 268 1
77 140 1
516 89 1
140 131 1
231 132 1
155 140 1
660 140 1
