66 2 1
20 2 1
97 2 1
37 2 1
38 2 1
7603 2 1
9 2 1
22 2 1
10 2 1
47 2 1
17 2 1
8 2 1
11 2 1
133 2 1
83 2 1
70 2 1
65 2 1
26 8 1
133 8 1
10 8 1
66 8 1
11 8 1
8 7603 -1
11 9 1
97 9 1
20 9 1
7603 9 1
22 9 1
47 9 1
17 9 1
65 9 1
38 9 1
70 9 1
66 9 1
133 9 1
37 9 1
26 9 -1
37 10 1
11 10 1
26 10 1
22 10 1
97 10 1
17 10 1
66 10 1
65 10 1
10 41 1
17 11 1
7603 11 1
133 11 1
20 11 1
22 11 1
66 11 1
83 11 1
70 11 -1
11 47 1
11 41 1
7603 17 1
26 17 1
47 17 1
22 17 1
20 17 1
97 17 1
38 17 1
70 17 1
65 17 1
66 17 1
17 133 1
7603 20 1
22 20 1
37 20 1
47 20 1
38 20 1
133 20 1
66 20 1
65 20 1
26 20 1
70 20 1
20 41 1
20 83 1
47 22 1
7603 22 1
26 22 1
38 22 1
70 22 1
22 37 1
22 66 1
22 133 1
22 41 1
47 26 1
7603 26 1
133 26 1
83 26 1
38 26 1
66 26 1
70 26 1
38 37 1
37 41 1
37 66 1
37 65 1
37 97 1
47 38 1
65 38 1
38 66 1
66 41 1
47 41 1
7603 47 1
66 47 1
47 83 1
70 65 1
65 66 1
70 66 1
83 66 1
133 66 1
97 66 1
66 7603 -1
133 70 1
70 7603 -1
133 83 1
83 7603 -1
