66 82 1
66 97 1
66 590 1
66 818 1
66 860 1
66 936 1
66 1029 1
66 2066 1
66 2442 1
66 2443 1
66 2458 1
66 2470 1
66 2476 1
66 2777 1
66 7735 1
66 7860 1
66 9783 1
82 97 1
82 590 1
82 818 1
82 860 1
82 888 1
82 936 1
82 973 1
82 1012 1
82 1029 1
82 2066 1
82 2393 1
82 2442 1
82 2443 1
82 2458 1
82 2470 1
82 2476 1
82 2777 1
82 3773 1
82 7735 1
82 7777 1
82 7860 1
82 9783 1
97 818 1
97 860 1
97 888 1
97 936 1
97 973 1
97 1012 1
97 1029 1
97 2066 1
97 2393 1
97 2442 1
97 2443 1
97 2458 1
97 2470 1
97 3773 1
97 7777 1
97 9783 1
590 818 1
590 860 1
590 888 1
590 973 1
590 1012 1
590 1029 1
590 2443 1
590 2458 1
590 7777 1
590 7860 1
818 860 1
818 936 1
818 973 1
818 1012 1
818 1029 1
818 2066 1
818 2442 1
818 2443 1
818 2458 1
818 2470 1
818 2476 1
818 3773 1
818 7777 1
818 7860 1
818 9783 1
860 888 1
860 936 1
860 973 1
860 1012 1
860 1029 1
860 2393 1
860 2442 1
860 2443 1
860 2458 1
860 2470 1
860 2476 1
860 2777 1
860 3773 1
860 7777 1
860 7860 1
860 9783 1
888 936 1
888 973 1
888 2393 1
888 2443 1
888 2458 1
888 2470 1
888 2476 1
888 3773 1
888 7777 1
888 7860 1
936 590 1
936 973 1
936 1012 1
936 1029 1
936 1701 1
936 2066 1
936 2393 1
936 2442 1
936 2470 1
936 3773 1
936 7735 1
936 7777 1
973 66 1
973 1029 1
973 1701 1
973 2393 1
973 2442 1
973 2443 1
973 2458 1
973 2470 1
973 2476 1
973 2777 1
973 3773 1
973 7735 1
973 7777 1
973 7860 1
973 9783 1
1012 66 1
1012 1029 1
1012 2443 1
1012 2458 1
1012 2470 1
1029 2066 -1
1029 2393 1
1029 2442 1
1029 2476 1
1029 7777 1
1029 7860 1
1701 1029 1
1701 2458 1
1701 2476 1
1701 7777 1
2066 973 1
2066 2393 1
2066 2442 1
2066 2443 1
2066 2458 1
2066 7777 1
2066 7860 1
2066 9783 1
2393 66 1
2393 2442 1
2393 2443 1
2393 2458 1
2393 2470 1
2393 2476 1
2393 7777 1
2393 7860 1
2442 590 1
2442 1012 1
2442 2476 1
2442 7777 1
2442 9783 1
2443 936 1
2443 1029 1
2443 2442 1
2443 2458 1
2443 2470 1
2443 7777 1
2443 7860 1
2458 936 1
2458 1029 1
2458 2442 1
2458 2476 1
2458 3773 1
2458 7777 1
2458 7860 1
2458 9783 1
2470 590 1
2470 1029 1
2470 2066 1
2470 7777 1
2470 9783 1
2476 1012 1
2476 2066 1
2476 3773 1
2476 7777 1
2777 2066 1
3773 1029 1
3773 7777 1
7735 590 1
7735 2066 1
7735 7777 1
7777 66 1
7777 1012 1
7777 2777 1
7777 7860 1
7777 9783 1
7860 1012 1
9783 1012 1
