66 82 1
66 590 1
66 818 1
66 860 1
66 936 1
66 1029 1
66 2442 1
66 2443 1
66 2458 1
82 590 1
82 818 1
82 860 1
82 936 1
82 1012 1
82 1029 1
82 2442 1
82 2443 1
82 2458 1
82 7777 1
590 818 1
590 860 1
590 1012 1
590 1029 1
590 2443 1
590 2458 1
590 7777 1
818 860 1
818 936 1
818 1012 1
818 1029 1
818 2442 1
818 2443 1
818 2458 1
818 7777 1
860 936 1
860 1012 1
860 1029 1
860 2442 1
860 2443 1
860 2458 1
860 7777 1
936 590 1
936 1012 1
936 1029 1
936 2442 1
936 7777 1
1012 66 1
1012 1029 1
1012 2443 1
1012 2458 1
1029 2442 1
1029 7777 1
2442 590 1
2442 1012 1
2442 7777 1
2443 936 1
2443 1029 1
2443 2442 1
2443 2458 1
2443 7777 1
2458 936 1
2458 1029 1
2458 2442 1
2458 7777 1
7777 66 1
7777 1012 1
